dt = 0.1

waypoint = [37.0001000, 128.0001000]

tmin = 20

dmax = 100
